wrote 80 rows to tasks\t0118_resimulate_t0117_cluster_samples_ge_gi_vm\results\data\per_cell_metrics.csv
       cluster_id         seed  generation  individual_idx  direction_deg  peak_g_e_us  peak_g_e_time_ms  peak_g_i_us  peak_g_i_time_ms  gi_ge_ratio_at_peak_ge  g_i_onset_latency_ms   n_spikes  mean_v_m_mv  max_v_m_mv
count   80.000000    80.000000    80.00000       80.000000      80.000000    80.000000         80.000000    80.000000         80.000000               80.000000              80.00000  80.000000    80.000000   80.000000
mean     1.500000  4496.150000    15.70000     1456.225000      90.000000     0.098089         71.675000     0.229120         84.687500                9.413333              39.43750   4.312500   -63.089297  -10.299582
std      1.125088  4292.930872    13.54075     1299.371854      90.567829     0.078912         77.951425     0.308851         84.843653               49.451058              51.00083   5.939769    12.581821   14.050364
min      0.000000    44.000000     1.00000       71.000000       0.000000     0.001250          5.000000     0.001899         19.000000                0.006579               4.00000   0.000000   -81.486243  -50.971051
25%      0.750000    44.000000     5.00000      437.750000       0.000000     0.033045         24.000000     0.050675         31.000000                0.307818               9.00000   0.000000   -73.378535  -17.582004
50%      1.500000  7755.000000    12.00000     1132.000000      90.000000     0.071979         52.500000     0.091011         49.000000                1.093019              17.50000   1.000000   -68.074107   -9.541484
75%      2.250000  8154.750000    24.25000     2285.250000     180.000000     0.150173         88.000000     0.235551        100.250000                3.907665              56.00000   7.250000   -50.373675   -3.239781
max      3.000000  9354.000000    54.00000     5140.000000     180.000000     0.314253        502.000000     1.524979        480.000000              440.781190             303.00000  26.000000   -42.902689   20.331757
