### TAG: silence_guard_joint_pass_1
generation: 10
DSI: 1.0
PD: 35.0
obj_F: [-1.0, -35.0]
vec68: [0.895225, 0.131509, 0.346514, 0.822294, 2.02729, 0.99526, 0.40497, 0.233148, 0.873659, 0.371689, 0.075037, 0.825491, 0.0819043, 0.330081, 0.973033, 0.897787, 0.517959, 0.335033, 0.983283, 0.499287, 0.549359, 0.172848, 0.802169, 0.400856, 0.0938547, 0.255278, 0.323654, 0.034652, 0.196844, 0.296248, 0.395499, 0.161891, 0.0741, 15.252, 54.6913, 1.17137, 0.000369389, 0.47253, 5.84861, 176.89, 96.102, 4.283, 51.5017, 2.21003, 209.88, 0.00131648, 0.00485981, 25.6341, 1.02893, 0.00158999, 0.496336, 5.19048, 0.00708534, 0.00490451, 3.23636, 0.0313448, 3.49029, 41.6693, 0.874267, -36.9363, 2.25626, 0.722352, 4.02341, 11.6866, 9.51115, 45.0107, 1.57392e+09, 0.359288]

### TAG: silence_guard_joint_pass_2
generation: 14
DSI: 1.0
PD: 45.23809523809524
obj_F: [-1.0, -45.23809523809524]
vec68: [0.753815, 0.929913, 0.209182, 0.888256, 4.88907, 0.366373, 0.523048, 0.58203, 0.830325, 0.289492, 0.106851, 0.512336, 0.222454, 0.935604, 0.716538, 0.890959, 0.492512, 0.386494, 0.636065, 0.759342, 0.423563, 0.782673, 0.698217, 0.654496, 0.474276, 0.340826, 0.477453, 0.319309, 0.318093, 0.123961, 0.413129, 0.127534, 0.0878985, 1.11007, 222.043, 1.00367, 0.000900906, 0.397177, 5.2765, 209.578, 174.259, 0.438724, 370.102, 3.91619, 365.258, 0.00395207, 0.00730906, 42.1505, 1.03056, 0.00818144, 0.430639, 0.532962, 0.0435798, 0.00803999, 3.22191, 0.00871846, 2.56801, 89.8147, 0.65167, 145.835, 1.40033, -0.198261, 4.96068, 28.7303, 11.7844, 37.6796, 3.37466e+08, 0.361414]

### TAG: top_legit_dsi_1
generation: 7
DSI: 0.3650793650793651
PD: 10.238095238095239
obj_F: [-0.3650793650793651, -10.238095238095239]
vec68: [0.759319, 0.800319, 0.450929, 0.522765, 1.20599, 0.407127, 0.671098, 0.284089, 0.00131089, 0.76827, 0.12613, 0.512239, 0.563911, 0.955424, 0.714979, 0.851561, 0.295752, 0.107507, 0.332445, 0.925022, 0.59422, 0.254614, 0.194277, 0.918053, 0.820947, 0.232993, 0.272066, 0.318643, 0.172916, 0.145659, 0.373331, 0.00615883, 0.309618, 10.8482, 213.157, 0.506516, 0.000940357, 0.170838, 11.5108, 267.573, 246.323, 1.13017, 305.358, 0.9449, 458.751, 0.00419699, 0.00449295, 44.9117, 0.550503, 0.000813595, 0.407229, -9.44303, 0.0219666, 0.00734259, 3.30664, 0.0202093, 3.56384, 80.7586, 1.06784, 64.0332, 1.58112, -0.313753, 3.39592, 10.9977, 16.0602, 50.5583, 1.51681e+09, 0.274503]

### TAG: top_legit_dsi_2
generation: 7
DSI: 0.3548387096774193
PD: 5.0
obj_F: [-0.3548387096774193, -5.0]
vec68: [0.60842, 0.0570883, 0.289642, 0.557678, 3.00012, 0.0440131, 0.417773, 0.18737, 0.742887, 0.942408, 0.386002, 0.83261, 0.586673, 0.954242, 0.176859, 0.91283, 0.177531, 0.0567704, 0.650967, 0.837949, 0.593785, 0.727922, 0.0606018, 0.675198, 0.692068, 0.223856, 0.373415, 0.38579, 0.329941, 0.061562, 0.122701, 0.16202, 0.0663458, 15.7179, 201.354, 1.12161, 0.000574057, 0.407447, 16.7195, 243.911, 137.503, 4.17746, 289.379, 3.42537, 115.846, 0.00860685, 0.00650939, 30.9386, 0.535869, 0.0016051, 0.390686, 5.30753, 0.00699274, 0.00491347, 5.77088, 0.030927, 2.10454, 42.3163, 1.36877, -40.0081, 2.82721, 0.0676641, 2.80411, 54.2219, 17.786, 26.4441, 1.28713e+09, 0.0858812]

### TAG: top_legit_dsi_3
generation: 12
DSI: 0.3548387096774193
PD: 5.0
obj_F: [-0.3548387096774193, -5.0]
vec68: [0.597907, 0.410474, 0.386319, 0.5935, 4.7854, 0.350914, 0.113029, 0.29338, 0.766233, 0.307714, 0.391828, 0.831283, 0.257499, 0.703903, 0.164727, 0.955191, 0.497675, 0.348495, 0.867624, 0.917637, 0.510842, 0.735678, 0.801293, 0.828267, 0.636763, 0.229195, 0.180072, 0.22995, 0.322447, 0.123769, 0.408545, 0.417189, 0.326137, 15.2355, 147.829, 0.608823, 0.000974262, 0.412714, 5.79458, 129.344, 173.185, 4.69616, 38.0202, 4.39821, 259.673, 0.00889724, 0.00438073, 48.7252, 0.928702, 0.00219108, 0.382758, 7.47727, 0.0459576, 0.00177778, 5.14202, 0.0206304, 4.51504, 71.8271, 1.38563, 147.722, 1.38644, -0.328034, 1.03491, 54.7291, 11.463, 37.8059, 2.00498e+09, 0.282616]

### TAG: top_pd_rate_1
generation: 10
DSI: 0.001658374792703198
PD: 71.66666666666667
obj_F: [-0.001658374792703198, -71.66666666666667]
vec68: [0.576483, 0.345671, 0.341551, 0.599483, 4.80405, 0.347168, 0.219724, 0.569149, 0.312838, 0.26242, 0.137254, 0.538766, 0.421193, 0.994635, 0.716581, 0.408581, 0.171492, 0.299086, 0.84868, 0.248507, 0.433535, 0.121976, 0.529413, 0.14307, 0.633978, 0.291712, 0.272907, 0.308062, 0.302512, 0.130605, 0.0120324, 0.448086, 0.0745843, 3.61194, 55.7907, 0.99479, 0.00081606, 0.459781, 6.08568, 209.102, 286.505, 0.904959, 51.2083, 2.13321, 111.045, 0.00399348, 0.00964116, 33.8513, 1.05393, 0.00675897, 0.337332, 8.0219, 0.00562257, 0.000744316, 3.6196, 0.00903785, 3.4905, 34.9159, 1.87276, -26.5349, 1.33089, -0.323834, 3.77317, 47.4453, 9.55188, 48.696, 5.99069e+08, 0.36804]

### TAG: top_pd_rate_2
generation: 13
DSI: 0.0017035775127768069
PD: 70.0
obj_F: [-0.0017035775127768069, -70.0]
vec68: [0.744236, 0.804206, 0.238321, 0.572191, 4.98784, 0.373697, 0.44595, 0.0915133, 0.460251, 0.876498, 0.145333, 0.721419, 0.598883, 0.998018, 0.472322, 0.133124, 0.502423, 0.381762, 0.825065, 0.753687, 0.441687, 0.229579, 0.711583, 0.699836, 0.462966, 0.34025, 0.169186, 0.241548, 0.394403, 0.123991, 0.340336, 0.132455, 0.07882, 1.14819, 149.874, 0.89495, 9.59287e-05, 0.486897, 5.95408, 175.91, 71.2149, 3.97277, 91.9742, 1.13335, 200.357, 0.00420227, 0.00585677, 42.5958, 0.651374, 0.00189731, 0.436782, -9.45675, 0.00739586, 0.00803986, 6.56547, 0.0139846, 4.39603, 88.1531, 1.52308, 74.065, 1.36458, -0.220274, 4.87388, 15.604, 16.1414, 37.69, 1.5529e+07, 0.453087]

### TAG: top_pd_rate_3
generation: 14
DSI: 6.123233995736766e-17
PD: 66.42857142857143
obj_F: [-6.123233995736766e-17, -66.42857142857143]
vec68: [0.89457, 0.35412, 0.346572, 0.585909, 4.68985, 0.372038, 0.526999, 0.669383, 0.047313, 0.302103, 0.161162, 0.525863, 0.412493, 0.993422, 0.716538, 0.279704, 0.500897, 0.29804, 0.624353, 0.225514, 0.434552, 0.784289, 0.195487, 0.678851, 0.912497, 0.291684, 0.163049, 0.320657, 0.358867, 0.110536, 0.130495, 0.448086, 0.0605799, 19.6131, 57.5361, 1.74803, 0.000311504, 0.403337, 5.78311, 209.102, 97.0503, 4.26463, 85.5618, 2.18352, 266.312, 0.00409995, 0.00464703, 34.2155, 1.03378, 0.00173491, 0.331418, 7.60442, 0.0075846, 0.00202322, 6.72931, 0.0106278, 5.43549, 44.2853, 0.913331, -35.4187, 2.1446, -0.245712, 4.31408, 39.3567, 9.55359, 26.6743, 2.01471e+09, 0.359355]

### TAG: pareto_cell_id_2
generation: -1
DSI: 0.001658374792703198
PD: 71.66666666666667
obj_F: [-0.001658374792703198, -71.66666666666667]
vec68: [0.576483, 0.345671, 0.341551, 0.599483, 4.80405, 0.347168, 0.219724, 0.569149, 0.312838, 0.26242, 0.137254, 0.538766, 0.421193, 0.994635, 0.716581, 0.408581, 0.171492, 0.299086, 0.84868, 0.248507, 0.433535, 0.121976, 0.529413, 0.14307, 0.633978, 0.291712, 0.272907, 0.308062, 0.302512, 0.130605, 0.0120324, 0.448086, 0.0745843, 3.61194, 55.7907, 0.99479, 0.00081606, 0.459781, 6.08568, 209.102, 286.505, 0.904959, 51.2083, 2.13321, 111.045, 0.00399348, 0.00964116, 33.8513, 1.05393, 0.00675897, 0.337332, 8.0219, 0.00562257, 0.000744316, 3.6196, 0.00903785, 3.4905, 34.9159, 1.87276, -26.5349, 1.33089, -0.323834, 3.77317, 47.4453, 9.55188, 48.696, 5.99069e+08, 0.36804]

### TAG: pareto_cell_id_7
generation: -1
DSI: 1.0
PD: 45.23809523809524
obj_F: [-1.0, -45.23809523809524]
vec68: [0.753815, 0.929913, 0.209182, 0.888256, 4.88907, 0.366373, 0.523048, 0.58203, 0.830325, 0.289492, 0.106851, 0.512336, 0.222454, 0.935604, 0.716538, 0.890959, 0.492512, 0.386494, 0.636065, 0.759342, 0.423563, 0.782673, 0.698217, 0.654496, 0.474276, 0.340826, 0.477453, 0.319309, 0.318093, 0.123961, 0.413129, 0.127534, 0.0878985, 1.11007, 222.043, 1.00367, 0.000900906, 0.397177, 5.2765, 209.578, 174.259, 0.438724, 370.102, 3.91619, 365.258, 0.00395207, 0.00730906, 42.1505, 1.03056, 0.00818144, 0.430639, 0.532962, 0.0435798, 0.00803999, 3.22191, 0.00871846, 2.56801, 89.8147, 0.65167, 145.835, 1.40033, -0.198261, 4.96068, 28.7303, 11.7844, 37.6796, 3.37466e+08, 0.361414]
